3329 3012
-82556631 -3341986
70933353 112174592
36516023 51982906
-36483722 -6653394
78691557 85862315
-46402157 31001041
-83751972 -30901788
60039786 151518293
-80095746 6658759
19738237 67234397
-5926488 79939358
-90900145 -42445078
-76767460 -35678896
-59687919 34750941
11627282 56217548
18328572 99150769
-42455938 20254717
-28705470 60561415
26042423 56252318
-33424594 -20700246
-66304129 -34136527
-18584111 63638876
-47713029 28624406
-50351391 13012483
3432348 89802045
83948566 155155700
42318021 51224617
46473656 107545759
-68073380 -14650977
7827902 19989495
64917838 129938814
15751177 91286115
39022033 83431618
43953747 105921213
26202854 80962018
5574586 27180295
-85480973 -78652573
74270305 158483569
47998267 137157432
-33846706 9230611
-5084343 49926621
-79237042 -28563440
-67127507 -1494010
79336576 107030216
93464476 112456814
-76975128 -34212153
-81780479 -44213046
7395855 104166159
-58022729 9822683
59205206 155076819
-43661994 -4742497
-86239223 -21831583
-99424973 -97527283
94848291 180477417
67739599 161184078
-82954648 -45191012
-52434880 25152420
-18113209 68160322
45319585 52139976
-55700455 -54764724
-15576384 80988935
-43185508 295071
-1647751 35696919
6363987 41213336
14711296 38190627
19595221 34669695
-67393992 30627520
-19586929 72267221
96134385 156308778
94519332 101281223
23599096 24643383
-16353996 51399870
63956557 134684933
-26306968 56504630
-17687799 70509869
-69166766 30767373
74478122 147023041
-78593881 -31865589
-82663758 -20866208
49552342 86170042
22316708 96603099
45522487 107547649
-20321285 55430304
95562014 180508011
-44685535 9457868
86036344 147678332
-55481986 10357766
-65117129 -28650351
-37527320 10396550
43274637 73458058
-53800118 -51415822
-68256104 -50988954
50918428 54991807
93200243 110514443
82405112 175593002
16594812 87674692
-91739472 -89852563
54316505 143075048
68073933 76630755
34987510 96666793
-99110654 -95822524
-87139444 -27870039
61504352 92676406
-45488317 -45479154
72174990 145915965
-71069745 -41113216
-17298194 46886160
-82595773 -14650162
99773057 113240289
35031835 83974620
28079411 120516782
32616877 59183408
-69400816 10602655
51765869 119059939
34504551 66393524
-80554290 -70829581
40902710 57547717
-48236764 -7163355
-68637956 -66066895
-55021670 15325990
67191153 108530394
-90484524 -37337954
24855164 50070663
6049639 67377273
4086451 82786256
25993717 101799013
-37559606 17015496
-74685196 -21021520
47780740 97369769
80409285 81455502
-20260845 28673014
3111430 39288193
-24225324 35539322
71380927 166450196
45366036 96269988
99734577 141717654
19903411 43149781
-6439838 52913035
-76493626 -55129921
76227452 168182262
-33901983 15747178
63267494 126530272
72914326 164553359
-76066695 -44200520
1047081 74613414
-49254300 48573915
49743727 89933959
-16638909 13838124
8743888 54251302
-18751304 25227943
-37588436 29873374
-96945207 -84318523
44853069 97919787
-45615726 -2880157
-35521653 48665532
-55608248 -30207366
-2587100 54729626
-39675987 48033834
45087421 130656457
-29672213 57996638
58101929 148230094
-56296657 -42537592
80968555 110736745
32752457 53274124
-64373656 -41421611
-92274547 -80183334
-27047704 61296610
-2251079 10446619
-13220309 60402859
-98557385 -6229540
62767774 66853298
31057114 46286043
10992422 28336572
-71216887 -70157782
-89377830 -4258213
50328059 102071663
-98860541 -15960383
-60850640 -29250038
11255593 93432040
44146489 141581240
7522023 21111744
24311774 84099687
-4307623 7410139
37032665 48615158
51317642 93455082
-68995608 -1417057
-53654688 29076815
-13480315 35522576
-3266348 67404671
89259261 174439648
4305588 36699389
-87153231 -17528684
-59155416 16429999
72240381 140152940
41706481 56914033
-35687828 -14119455
-29325306 -11420266
52651408 138089166
54601693 139888252
4662499 97785575
-71718490 13470092
-41924798 -168560
-19544661 49087347
45116784 91185853
-7554769 76943945
43022938 99091867
54379541 122015905
28399084 47899120
-69877645 -4817492
30708125 97452729
3852853 46454819
-14901233 44547359
37809502 86790847
-72407757 23198777
72152542 76486412
-45138815 -31207078
-17053518 -15339997
25762928 99446884
-89763619 -84488054
-17631556 17037780
63642155 99221510
40110317 51155089
-5660436 83626260
44884843 121610651
94972844 106413038
-782709 34300177
80101106 150933724
50093980 137337161
-54526922 -32540908
-75269830 15978435
-24156436 49875923
50299050 69121801
-19017909 -4217460
-83276063 -71146529
-72356535 -31581678
55372355 138361630
-19607812 8260256
-81686661 -14878922
12007043 25912023
-78092641 -31211831
-6591031 64943414
-10897246 -5787113
95207068 153887823
-24858629 -6844818
42977554 75649799
-58983641 -55810180
-39016942 -2376285
33773501 70739241
59401035 152178572
-36489593 30403566
1763893 76552088
42360904 83373517
78060388 123205565
25129624 72599439
-86145433 -53042837
89291835 136529605
33404707 62949931
4645106 84810718
95669768 153509564
-42023457 37169017
-95338301 -2736809
-7612184 13865257
5254695 69301474
86046401 116340549
-60388343 38566061
20570409 70816148
51891483 144303242
-46240066 46201497
-1436783 95087839
-80392776 -17842848
-63347774 4984610
38017396 91876517
64859884 94647081
-21862967 14938912
77951232 148456107
-59432944 24219034
20944750 86792392
73674705 78456873
96189813 170555491
-32955882 60149468
65199761 111439613
-54407118 -6048047
26247569 121368349
-72625415 -20653059
-75236937 -22599393
-51422960 -49719574
84168602 103942231
35700539 86467592
-32589647 5326378
63378537 102486489
6137031 80896034
70176850 107791796
65018769 131685627
35840952 54905140
-81800267 -8583563
71985031 114837787
-31213796 37901968
-85357713 -35019936
-69787164 27225492
34070186 115348799
18180266 112324351
-43079456 12806754
-86102305 -68478876
34036479 57575784
-23578667 46579953
-35333346 -26249308
-15242148 18473266
-96046323 -74167898
30469362 117722049
-66431251 -2506300
-25691022 -17509256
-27631588 -19627035
40319428 57246212
9381231 54766519
-87926137 -42708664
27503454 59067249
26003650 45114264
-95447503 -87248165
14412550 26646336
-37819323 56306658
-42008215 53546822
-72036376 -31995633
-54625482 11997980
-53157012 9633483
95864728 96761537
-16579693 269161
-40389225 4891156
95268423 128809385
11977365 40456715
-21590597 18695442
-57235159 -33333376
-15720153 34176138
-10336614 27277953
-59217968 18170332
28787995 48439562
-15967263 15449635
-61073599 -151948
-9753417 25260593
-58247567 -28578732
-90490983 -76535461
82396110 111416147
73414983 92850988
59137 73500799
-83297688 -72179616
-75541303 -42731829
-96908445 -155516
3140723 28079198
-91203494 -7149440
37949525 81935435
28583603 108596433
38547412 134827904
-23915938 57261112
17147440 36328705
16974853 21493198
-94152429 -90267370
79131233 79462116
49461816 144300288
34037772 128380701
-44526807 -23868151
7934126 75935428
-62042868 -21727239
-28507150 18138101
-28291837 46787936
46386945 101883867
-53376374 44108889
-63682922 -41319019
63095020 157280241
69044611 75526697
15355008 15433828
24193040 76316044
-49931348 15592888
-4392246 36702861
-16449385 -9685468
55236390 115479264
49478834 90757362
-74778928 8885242
82151960 167444676
76776018 85473127
70698833 90126449
83156459 153778558
42730507 119874259
18801188 34152848
-44578370 -39021202
-14714276 2482771
-18632198 -4379985
98409453 121223652
65209257 82210453
-56213127 39866734
66105232 92216709
-61642509 20412562
84708968 131814404
13075649 57839052
-74695710 -5091451
-24836684 43609113
-5892441 56580157
15247609 69833692
-83753252 -26888781
63668383 81476654
20490803 70802971
11668794 52346262
-339208 24913136
-39818389 42664074
53705811 78208687
97242354 159250932
41793382 48213238
5550879 30468018
-94578646 -84153719
48073524 50788627
43433054 84200227
-18454824 -248340
63638789 113944458
-96370500 -8663544
-23442242 -2376188
84947273 128458642
-25220274 -21938030
-11358529 20620582
-47501181 25896299
-42360019 51357700
11561082 58119875
36079051 126960832
75561835 166294502
88145528 116829992
-58471803 25915988
32051361 94359668
25967160 114941147
42970988 49481652
-99209109 -66642333
-33585155 4102268
-91943864 -21465488
52784968 101225051
-15161901 10659580
49285981 106776826
10282877 61229059
-36664230 44100572
86039813 128272481
-62187550 8697243
25187974 67196882
-49259841 42133504
83332411 130409677
56883229 103474706
-31616960 -14049820
23723434 34575703
-98243663 -18488049
-15950903 -5295046
-13776519 17553048
-89028359 -16945610
94389339 114646066
88924834 110679204
75293905 110752258
-55076705 -33829226
28486134 45124086
41529654 126203076
-13040445 75669901
55004153 139410658
-77437447 -15564666
87700140 168351928
-4002840 68804625
-41966591 57221004
50410636 79546987
-9676105 9527803
-29982042 31735691
68220245 148141248
3271210 81993744
-5901809 63544322
50789524 74286950
38307992 137779918
47731600 71102411
-44471205 11824624
-61658798 17678409
69045607 163250416
-17368278 36407308
-33676134 39714682
-21566369 41586440
96902624 117532247
-4634613 20140773
93733348 149440129
-44987045 8394357
-29164176 -18312786
-20060445 45877763
33075803 79554146
60171883 150290714
82101468 152899872
-70568631 -8936265
64431266 140480040
-60474266 35989775
58497751 80369249
67047300 162879705
-84680144 13327581
-75636805 -49431604
23471584 42326082
-972982 91172492
80283794 176442726
-99761049 -70189976
69165607 141040708
76009689 138258079
92890148 97855957
-87704184 -26544330
9382749 90252379
46028177 133543441
4159627 14420829
-90704077 -1287898
46133066 85880762
80205931 102252488
-28922483 58382111
-83399084 -9388626
-42587161 912922
65018423 134953764
51434076 128711850
34348496 71761004
89220422 119241230
-22637696 -11076012
66923933 130328282
51798322 97342357
-74285057 -64649207
68657117 108072672
75267394 154216434
-12831137 25555283
-90357807 -23374362
26615285 78068912
-76653095 -19766109
85098552 143653858
-55305968 -2080077
-10413148 21694350
18761631 26943693
48472622 81077936
-10974309 43691702
89465744 109906340
63740313 75811985
61992844 145253581
22173951 68872284
52049146 98414751
99780009 141768901
-36495844 41424152
5569735 89720259
-41277203 -30173583
18085581 105946716
51051454 89858979
-46895442 20778930
-59457405 30963656
69305723 88816892
-99725017 -61080567
-66042754 -12100649
-9500447 20463918
-97375534 -52545764
-15485399 34145532
-26693637 -2924572
67949864 81500160
88249247 104865479
20526834 51100838
42023132 111221459
-52929074 -20348661
43399346 124010208
43858163 108078227
14030373 61193098
9138874 39512146
-55651012 258663
-66663893 32318445
-12900443 51648959
-86425137 -13001692
77690576 93081362
99291149 199279621
-65788235 -42921022
16294299 33784900
-69877261 -36671838
-27950302 41438140
-66906237 -37545122
-19232955 -5833369
56796805 107902269
-21442795 -3809056
18382153 93542600
-89747935 -61749630
-43870460 50472431
-87132155 -72684436
-26515382 -21394960
95363052 161757938
91519100 124029579
-24786926 414363
-16015993 -12715538
63982766 144118925
-18256956 70853384
3986778 72096697
82867248 156295696
23218206 54089801
36055790 83991857
95992835 120960670
-97223896 -63598997
-65212247 -38990694
63023941 144047955
-17396754 31215585
70641183 124685571
-33468836 -8234643
-56234550 28031533
-81302918 -26734244
-25198764 63287
-43516244 56229534
-41257874 1458233
38238353 102067265
10226272 103057795
65133272 116447926
-13576105 26054249
45023339 77487612
63946743 66707628
12842917 63943314
86277046 148382869
61928638 67926212
36975272 119344594
73181320 134332680
-34548036 2248768
75943383 113460789
-19918612 37554209
43385057 101872758
59842773 104164280
23384692 100751168
31896612 67166157
-99277931 -77291617
-18842376 34939481
82368437 96638791
87723779 168733396
-84261431 -54349151
-3539842 11718960
-58511971 39831300
-65175525 31173689
-40924845 24218180
83484728 85026630
-79749139 -74536349
87037673 99595422
-97262785 -65649232
-13788965 30403451
-98948727 -68707902
-97559366 231683
78494664 173562982
54026344 145144784
72335210 137976665
-39434561 48913278
-30966133 -23250153
-109156 18989694
-60810437 -52046119
-14761746 72742687
55506325 80099536
-19618759 -5319048
12523643 19658803
-1317133 49310537
62028357 147724571
45731215 60836958
-84475112 4638155
-65688828 19061138
-70348174 -65089625
39610084 62654583
95889081 165443757
25173188 98053965
73155567 74755546
-31112026 50605723
50078714 93685406
78574158 100407625
17949897 25089788
-79847694 -75645411
20358798 80194737
-76796898 -9225794
31088732 123565255
-10665430 32651216
5790221 10563715
-45986888 -3568533
15693776 33491774
68794643 78211250
75024216 163728540
-10389096 -3884344
78136103 89564263
67057131 87469587
-6950496 87609435
-16800727 -16535747
-92760318 -49618084
-85549562 -35347203
-56837016 6566957
-89533778 -86916584
-32615895 48081489
76044269 155806239
-87815390 -27455748
-27376558 63261315
-75376657 -56292448
4352280 100778347
-13425949 47942816
31460467 107615221
-65100222 -64385890
-51914959 7112409
41400246 75123952
-86695519 -13470853
-14857833 59371435
72372975 161195971
-30819473 463328
70824291 75062486
-43188674 -28285592
-6431462 44791442
-8467714 49556128
93957400 94921787
-39752991 -323696
48184376 62289277
-32714581 17362604
-50997306 -18052406
35909996 121731878
2201799 3829874
1901517 70093038
-86665784 -64204021
22906067 100373763
-8852192 85610782
20045484 54679153
40947442 115029961
-73570047 -59759681
28741463 120855395
3817848 36163254
-73004122 -17954864
-44488831 -20900753
40356628 129623705
-97207704 -9309818
45303450 123659587
-84026517 14857465
71857963 77226247
58134337 88162831
-6415199 14280246
-17365958 -2655946
63858145 73161900
72335642 84378401
-23908341 47374142
10804586 27202750
6423802 105971521
89666946 128054941
-16237191 11450431
92770173 127459760
-51051539 -16859544
-83206667 -45433492
-10319998 -2197441
92723040 121865960
10492123 84859428
91025448 103492106
-41769239 29763128
63423883 73362354
-22756399 68371061
38916076 50252536
20117952 57081174
-50087265 49767405
78114765 127082722
-75960064 22321092
13725798 71337144
2230754 78173185
87560227 101303512
-48960999 22021861
66725456 148630539
75577192 91611887
-15244605 40782096
85184761 166803728
-97340364 -9520293
-75305008 -71012562
43477915 72383703
28121446 85908461
82918009 135212494
-92535125 -9561518
3848614 28652532
8272291 14527210
-81620701 -5573245
-87604448 -52112643
-68625830 -40551147
16347276 19792970
-57066816 -54124556
-84664689 12686134
81969754 172259494
69837564 103404240
79421323 131953297
-96852528 -89987210
68621029 147327293
10522312 91693534
36767015 77061600
31914319 66420170
-69104703 -21942993
31441098 68304821
84317279 95095652
23692045 28639199
-52006881 6773452
-79046974 574322
10768683 106425933
-33722736 -21099168
10071232 94119507
-322926 30684847
-25407517 38865189
-52817897 31610986
29025968 36335657
-24408737 -6768202
-51225051 27696855
-18730142 9173270
-63206417 -27874241
18103124 48356645
-3127009 66252712
26201781 27170795
5475984 68285339
77030375 155289207
-14623330 67686884
85216499 99364108
77033879 120302013
-62190054 224131
50572856 73902998
-90383651 -51537228
28586746 105804808
-79038082 19293127
-74056168 17057078
86861741 143225407
70554476 141880760
70923892 146470436
-76660392 11127758
-86302516 -82004894
16961647 110516608
-55088606 -39169017
-76190061 -37240870
83133174 180312965
91763717 107550442
-55070750 -14653611
25865868 33063042
25243230 56784449
-20616115 10181974
-83812372 -64957923
78328212 150292354
6828515 29047799
9053589 11066121
98333284 100327816
34034722 38083710
71395413 91282421
-28403509 -17353563
-83551951 -67011145
-85798556 -72234404
59523971 72381454
51864533 80518213
12106172 42166038
-486192 50053528
-4910238 46932621
71076053 131365196
93227213 97884537
-9159645 42966344
1171147 41059697
35050875 35208479
11823005 104899514
52727473 121719813
-80847207 -13707092
74965674 117121121
-53525216 -15154917
-63926871 -18792827
34584556 60509975
62120585 103554446
11355917 56845476
-94633589 -12203779
-34484946 20811551
87924451 90925429
96455812 118316639
17478589 49935607
-94757398 -71943651
-37451220 2178759
-42235285 47068634
-97865153 -49994648
-29393875 1743771
88492854 148804515
-3721131 18285234
21716142 25810672
-84039360 -9698425
-92267755 -7053662
-92102328 -26212020
-90773700 -53239812
70697425 116857902
31093638 125047077
-71042658 -8196977
-47788603 18703737
62081957 69037489
50379333 54292920
-55655113 -20447869
92714224 167551074
-81794821 -55249671
47168334 91204751
-80580979 -59687314
-38223969 14675880
59891180 120599156
1905947 58601325
-93568686 -79250189
-93135828 -56230416
-35903545 5326108
-49940492 18549082
82336564 115837334
95251257 188575358
82239841 102203675
32627847 113343458
82617796 160190704
43811180 49151770
10201298 70081234
89802716 157260780
-90350173 -77873795
62943555 106335551
-34482776 52912780
-59750761 -22225728
50375442 119791127
66270956 83098260
-36228089 24927269
-26869184 16227694
-33277628 43629565
66061046 92897581
-35812487 3636307
11496693 93088380
-48964563 -10454417
90796607 139828198
-39381276 60043859
-21490189 59391388
64551243 126292291
39394804 90284094
-94468059 -84086465
-62983000 16364479
47263161 90267174
-58619225 27497640
30539685 62857756
45179220 82732829
-49053862 -13420503
67927347 107460779
96525741 125201287
-3421217 10164336
61106955 120704756
17817277 62370540
73924608 151467458
-92299983 -84248998
57635787 72911020
72008035 140086755
-46147759 -14925625
62466089 67430838
14188290 96741128
-32834154 65858480
-90189493 -87261985
-55082074 12961809
-2388693 19106296
-71149190 -30419320
-86205791 -78465075
58645970 93655534
-5131946 26254723
-4936203 68651743
39419502 96814036
40508064 93071785
11953359 65748491
12796816 61902844
-18267824 11910564
418770 85513996
10152775 47106947
92087148 149771130
-16524098 54834859
-36750500 -17319794
-24287125 15333741
33417441 81870092
30934632 116995656
-28485767 -25420778
40759485 124021209
89806906 172568572
4056821 56159569
-89547327 -31316580
-67964476 -9560749
-41167062 -18054739
10554405 55616355
91400561 108606530
20381308 114510996
-60214495 -3540898
-89769073 -55514502
-35217088 56228873
14684032 42180009
90334601 95334187
53129734 102911243
-84377321 -3266165
-34580527 -23385785
36827965 90400884
-53903225 18628585
15508415 46821671
14767254 55095886
92682851 115792551
16876544 71504471
4153052 83577616
-15849864 -15340820
44378231 84247325
-61297697 4110391
11499926 40094784
-57874053 -11811886
-62434557 -26966109
45419735 53041647
74106976 170799746
56016059 139602658
-61895026 -29790057
98504256 108539206
26428899 42593328
4125826 78995382
59304886 145706066
22699564 111800024
13995805 51807599
-47619823 -17073987
-54199407 26986379
-81349724 -62974330
73054290 157417877
56235565 67707222
82333848 164450871
35508405 48466706
-94529766 -83067077
-8113974 -2519595
-17568383 76189057
1507388 100932962
50279749 65176309
-45080379 36357143
30616935 69629923
30323916 116594945
13133726 83536736
-30940724 59383551
-58470446 -10008499
96343864 157945685
85613257 135030345
20874402 105675481
-78400634 -73638565
75580322 82378639
-90177464 -48732837
38937734 137553333
88607393 173038786
46198925 57673620
-15271242 1432035
35658408 111749142
4426941 38272586
-14637019 71957469
2393103 40574697
-16676093 18921501
-60512894 32532771
72168049 73329508
-89716097 -7943735
-37542928 3684257
90584247 91274570
-90147651 -78509688
-20176538 46317731
40992131 88392176
-18073547 71100667
47886943 113829863
-6434645 84863713
28359146 63209598
54164266 144443520
-84242608 2645876
-61265257 -50367282
-38378438 6061756
-39341825 -5077694
-78171079 -16669350
51529394 77697913
-95059372 -7879137
50357523 127984168
-63840756 11217858
-15107980 -8265048
-76564385 -32320746
16762370 83340606
-32592240 15679093
-13892133 62660734
-8508806 57870255
-51912424 -46312776
50795893 125417878
-92604128 -16957335
64760205 96340274
74433301 118918115
59614100 103758806
-12085442 -4989828
-34533127 48545481
-68589416 -9414595
91495714 138290068
49409262 129537347
-13763109 -11709912
93931669 122468224
-89869516 -8670661
50673404 127132944
2797241 14093546
19041945 103856964
-60836513 24833874
-23906075 -5756828
-40828147 56144111
-77956504 10471212
-9736767 58966033
-31195917 57496704
-39937212 -11496509
-88404439 -82572738
3408590 37420613
-21329339 61976717
94455541 191803667
6930325 27898448
-29402766 45439851
32175584 63029449
51670589 143043410
92044368 190121467
-90492055 -64786516
-26157565 22670210
-17468673 -8872720
6468474 85880432
61287760 122626205
-28481990 55220438
3548395 57849803
80376752 150563744
-57059724 41407294
8350094 106695962
-78555505 -8265687
4546628 5185951
44945968 68967794
48229223 140353568
-83665585 -37326057
-27681910 17035450
43650034 92311794
-55090485 -23401181
-13741309 14120568
7534535 103817168
53167955 83204158
43887814 123685312
40939006 63107606
-12426070 -1010242
38253515 112912818
64688065 156901465
-365813 66610975
72011763 140536991
22054581 49162091
44337949 58833185
-64740164 -45244737
18984343 35967689
72635933 81655480
-25534711 37085975
71231353 156625325
-59689232 31330563
-23553818 74928312
96185716 146883350
75038309 169469520
9155980 35848582
-14679593 -12572597
-47912628 -470650
39236416 122660379
-71967445 -69655039
-67840669 -50708571
8376733 106895375
5563603 29494113
7841228 23653001
-62628102 -30135300
-17679481 -6480224
95412235 129174455
-38930223 -8850858
5415142 45354105
-85416953 -2672121
88721156 174359997
-26869583 41991702
-61561746 10511976
12236286 107171541
87362877 94335653
60555649 105530549
5778968 104379027
34192399 58255207
-38718757 -22986362
-55302805 41893534
-34208724 -7235276
870740 97970619
-61128798 35291300
30246268 120214569
40136357 129012952
54804443 130861027
-29607815 -2921939
-39119863 -32850971
44365543 123038005
86590843 121137796
82418761 124154104
37652537 60628524
6416378 40459232
-75665575 1584063
83125853 160510250
860414 25287738
35511274 113808844
-46846377 -20861366
76422368 121461641
-69398991 -46372790
96710980 166863573
19127040 23357814
-16245045 -12148292
-56422094 18419449
16012249 19937475
-41767943 38616135
40710335 95589751
97216473 110912406
81092605 87433462
-9831359 10993419
-7041584 86786251
-37505128 -10318531
-87909105 -55372562
52465190 113007276
-94874410 -45940064
-37501308 30288600
-79703658 -48691248
-80870220 -19511890
-92178802 -33339493
55979078 72010782
-17359794 27523155
42407137 106742527
65529239 152482051
-39857460 31079028
32756075 32995198
-30538402 -15919289
-28471349 1704332
79483552 167847796
87054458 163954572
18918967 23186368
-24109122 36775281
-528843 97530654
24233267 38032957
-89652595 -14687262
-98643787 -89675905
37306958 135805667
18858473 79754213
-23836972 70060894
43314025 73426198
-61158414 -32081282
24543727 81119797
19157566 87033312
-46361615 43237220
38930893 85147952
50990680 134769047
57303414 148955989
52864815 61324017
36854270 85416247
99943740 101558766
-63744669 -56637532
71103572 77273312
-89676526 -3086957
26380359 80958831
33139629 80850452
14953254 104552458
-43760937 19791820
-43968494 -37350885
-70622375 -69233899
56633527 92698111
-59935028 35913291
27863322 63043349
85459888 156800358
18254655 90965597
17536939 90380846
66959620 69200129
-89073711 -12051403
23266634 39006484
6884901 50865869
-69121822 -60930391
-68966699 8576341
-95424991 -76846420
-95350618 -85975556
-92244238 5885976
-54391111 -14693477
-14722830 50298955
-10496232 70536096
-34395300 -2955510
-39294079 -22280187
71786960 142591012
-6547806 78265367
-62189249 -9645965
38380571 101588472
-23671004 42328960
-98396208 -55352869
-88964083 -23484796
-39972007 -14982264
-1106899 54857360
-77231287 6379440
48677851 69419348
-81208542 -22898464
51099323 79525680
82002640 132265751
-87731689 12153223
59180929 118707606
61133829 90942054
-54555354 -52394502
-40725446 -12461498
-42884783 36391114
-94266492 -74001930
-40678298 17719604
32673467 61763736
-40240296 -5909416
-74007995 24050698
95088294 124380693
-71410126 -25661426
19858542 103548992
-61419177 6405853
-91156978 -21324683
-12443879 16093458
-97528670 -69433476
81867232 97895436
-32189247 -14060025
-26424224 -7821771
71290367 74229919
23730248 95775926
-19359045 46576337
68060763 130228166
98549394 111701038
-10854452 14992494
-88384195 -44055272
-12514263 69785482
-78615868 -46228023
-11115776 71799792
43980726 130696998
86761106 169464989
17477330 88756434
94884431 186274347
56203989 89060324
-80104684 -28086273
65903358 67070895
-14684402 8931389
-92704598 -87066970
-53543712 -584668
-91109264 -30622932
-97331423 -71315651
91469361 160673920
62464387 150258743
-66826367 -25834192
-59228497 31962078
6226014 74939384
-82350419 -12557019
-32798979 46906841
-53095026 -51035503
29135414 103678574
29747241 118600992
-41303289 -21760001
38260676 40710377
-81924871 7438429
68782921 106313441
52510471 81221244
82524544 178677957
94245716 97210392
-62770084 19726231
-29495213 31658824
-87317278 -65872996
60486903 87912818
82337129 102125399
-29040405 -24879260
96795690 187121852
23792889 85173599
-72109996 -27200623
-89119676 -58706295
13210573 82559856
39539900 71198971
-87555011 5359678
-297962 17916380
25618996 106752884
49899652 71741111
75219886 124525259
-51972766 -23629516
47457365 112192510
-7948746 -1559915
-22478828 58595701
61961994 107640981
18221041 51110121
19973481 118213398
28639995 90328342
-59418283 -22209115
27951476 31216947
-10716471 33437952
33250059 62582773
-28050822 66302587
-70040862 16173614
72414910 147814897
49804980 49965079
92189127 161741332
-10132820 82609959
25268298 50746677
90748915 117089872
-16456055 29073914
-81756613 -19291459
58762088 109769129
34459836 99881946
-99324070 -86535333
-79085369 18890388
-16699843 430360
-57736414 33764488
-97286719 -83372834
46082698 60022530
50557125 55576013
-18235270 63910037
-43210836 13470170
73851903 162441018
-37813086 -32284017
65971530 151868518
-37790534 49797054
-812426 29971212
47125284 143040042
-78887442 -38963643
46666156 96982157
596411 94553291
17354320 47094034
52713159 77122835
16836554 76428819
83062283 130667852
-50179181 -11196931
97442835 174676476
14881620 97957139
14434777 110901234
-22782246 -9685228
66292205 127080920
-18289000 17276964
-60730618 10788928
61428099 142156589
2579051 48142826
33057112 91952279
88118415 128655780
-63242547 -17674357
-13310710 -8203445
-38295727 55152962
54045111 85420657
55466546 109119640
-41642503 -11322776
-82860763 4194260
60364602 114616534
89987117 173516879
8993441 69907932
6343239 61730399
55373123 81309686
-96735289 -92100506
-45680807 21304602
15441164 31734622
-65440769 -5238025
-99016250 -65066504
96488323 97307461
-71070132 22108767
32338917 81116425
46799372 97211747
26908607 42878767
27586487 115905165
74705288 82084432
-71114019 -726121
54544915 130162663
-73033079 -58618235
-5898194 86064204
3610374 51521935
-2407313 17976715
-20836938 -11681820
89281351 159337271
-97526827 -83679233
-69857510 -59047470
-79980749 -22835494
-90003048 -49202855
-67050624 -66230804
49933053 147403703
-75534320 10638641
-99212862 -70029024
-75033148 13095098
-1726372 89324269
56089759 131651893
9766851 38882773
-98396961 -73640157
71858947 115250990
-80062055 -72705949
-47507022 -31553393
-84893650 -46528937
2326108 82694027
-70262773 -57231502
97588930 125056743
-71129740 -15021746
-22754149 38377949
-25316613 45322061
-60555184 5916441
7492990 106465511
8531010 51406868
-37462904 46319526
-20799194 8806193
37497183 129392845
-5884690 23403608
52173727 78744481
45815954 79367815
-88879403 -13900788
-4852588 90244416
33934048 40698460
55502935 131757916
-37553161 -24950352
-79929390 12278562
34915250 106816280
-56104203 -50411597
-32331860 -19164816
-12631145 49138607
58740633 124373151
65582339 70328742
-45099131 2842467
-7249377 9886256
98224324 191336106
-33634067 42671603
3165118 35800678
53028225 130729700
88291587 116834999
-95539139 -58067690
-5383203 6955275
-16862844 6743041
73073957 117734910
9856032 79726033
26876868 58313300
62014484 121782821
51317430 117852442
-38353479 -23711509
48606329 98381792
-40528456 -20591279
59411321 126291877
65901425 137893001
56294775 116022156
39436076 57825826
-66945828 -35373345
86847471 172105343
-95218519 -50804747
-791420 57179964
-74580537 -8109176
32309871 84886111
-7534004 14435241
-30665922 -14795864
40629728 124070113
-38126708 -709334
-54779653 -17946528
-52435596 -50798727
-70836473 -44189909
-40676992 27312474
37318586 120297680
-82374 32059566
-9487045 53255084
87908951 167573738
58094191 147300951
-72682429 21697392
-90630754 -33002304
-77168335 -55172991
-47229041 -20894776
31789660 98889566
-30411729 7604675
37082447 102669683
-2170274 97056159
-96763571 -86275083
-91832678 -9651204
11479933 66108023
-97756616 -42407666
-57699747 -52529953
-32039142 -20391761
25764413 101122691
75303862 126267163
96012669 188154270
8730724 88194933
-94360400 -40142977
19781435 38321323
-42229257 51626661
12208772 61779487
16444457 66920595
-37283445 48569123
-81201773 -79717747
-77980492 -23456037
48254961 90814637
-7804456 13482044
-81947777 -54531727
-72758624 26487788
-68911513 -40461041
61021960 77539097
90323656 173382839
28133608 126895204
16021714 82469589
4747918 46100423
-23773152 76121138
-30256079 10065372
-54272610 31146167
71130110 110031794
-52075194 -37948500
-71826936 8935578
70780637 82374148
84748770 100918726
12055145 70554584
37952270 115249569
-98571476 -59003354
-6414735 92567952
-47561782 11807152
74712815 159195458
88271182 149992008
-12439831 -11319401
-55609389 30986180
-26961580 69662233
-77245535 -61072023
-56599898 -47207094
-20363875 26311210
43879612 116038841
-33650673 61686059
-32613675 21892602
33004579 77823462
84326510 152656303
-53125510 43523715
75185610 170936603
5327677 102459695
-4427569 23058742
-5977078 20499583
26606001 39326571
39934187 69050974
12014691 40990863
-58527893 -54477631
-26144734 7236819
72871791 136889100
12285314 41881445
97439519 163150315
89151945 178495330
21804776 77215007
-46109283 -29662834
-6102915 29632043
-88281374 -26231643
33697564 80380083
-14893691 62734236
-76545102 -44363810
41885374 116305075
-63424933 -26877168
48850069 141786887
74152018 106813060
19821344 93038368
20296291 54914378
77944892 151107459
-80527635 -21472149
35166022 84381996
92907475 93715615
-96313868 -69566501
16704068 50100630
90529458 163825795
37692638 89176897
2254819 81603551
-42762742 -6501112
-78168605 -77635861
-61198180 35328652
-13061904 -9823169
76886235 133208384
-65747579 20569284
76421498 87032569
63141770 121714575
-25460757 35945309
24874507 64216808
71770652 110089873
15700639 80531238
4364185 89165518
42629580 47073356
-57979660 19276941
-25525086 20986382
-17990721 353851
-99333242 -38982824
29888442 34322565
53944314 58170115
34027550 62597154
27009963 37530034
27986312 36388011
-63377918 -25299321
50194718 102483952
-59056858 18902445
7018675 38857087
7613503 50672876
77736983 176090003
-71641433 2179749
-85389288 -50216003
27028125 49432472
29513181 66763041
-16035989 62267210
-50805002 -24639217
24802728 53216635
-19621018 35761995
69654055 96140366
8600081 9168359
61887677 80778358
1816535 19269316
5504568 99688280
15285515 106079139
-99782351 -38225524
-16047089 -7812147
32138148 117104575
18785282 53488442
50870383 61319004
94749574 136015301
6745014 26261100
76527180 108901115
-7382978 24158147
-53489742 24488844
60672251 154561444
87340637 126308953
3267515 101972062
79068352 178635987
-5486822 79118746
26817767 74931023
72620126 84833525
52307284 142476423
80986384 120577521
62311130 142736854
20292806 52505106
65611579 75327238
-71321813 -27949562
-24533118 -4514545
-96960402 -5833794
76852034 102145596
-76687673 -27310125
-57832304 -52644019
-24807129 54539542
-6402211 48683002
-84427435 -44127762
-15559631 4171431
-45392226 1282907
74200527 79533660
99194330 127607057
63556784 131397591
62450117 72254478
98219493 126397940
41389493 96612763
-2531693 -2447750
-64060479 -53726281
-5162887 11365538
78142319 142214002
82929866 135206568
-43663521 -28995385
-76763443 -42461316
22167617 82855733
71619419 134260711
14449669 60972521
-85172149 -67812787
-89021148 -28450883
-40520361 49714593
27967773 77189610
-5514998 89154352
-21904446 -1810780
-89378681 -15143244
-61098450 19836012
32133895 44672753
56798777 109356347
47604956 81822392
97292949 153127295
-32317922 41767321
-68241652 -2592196
-37063571 -2649081
61297803 77035655
42271678 97410191
-21259051 53387625
4997467 32383583
-77889886 9782330
-9494245 77102616
-10657851 17579861
95327710 158136521
-82037335 -34416986
-13754814 20110791
-98610642 -75573543
-50820389 40381083
-74393209 9558531
63807408 90140476
-28138270 69368398
70644511 122998920
16743487 33342347
79093355 81061947
-19420252 51628638
3636537 13702694
13121939 106628968
64300466 73035571
-63921110 31651145
95982147 136190211
-18692436 -16976582
-46565647 43853023
-29511462 32963895
52336223 108955944
-91905399 -53949800
-82930380 -79915771
82923983 126763160
-61154683 -17345265
96717079 166932113
-73745736 -70027284
-87284860 -33161125
-44876540 -6605993
-57245313 -12222497
15116970 73533043
-95654291 -66909338
24524922 102066912
99366711 135860084
70308807 93756641
-52790287 -11932932
-33469316 -10834920
-58287660 -53197153
29015731 66674041
14690595 72723158
86287031 101240962
89797031 116272028
60593970 124190495
75104556 158881052
24071625 112226886
13595991 93973985
-10711862 77824264
88909403 169764354
60971459 74480695
-92844307 -26175738
27628648 44282034
64646225 82094754
51008672 54525851
13907970 103487260
-99302530 -37646324
-74585201 -14979167
-76346174 -58440564
37865633 109023830
90396472 171814340
25546327 73965300
45612553 99341948
-67580406 -60788079
23767127 76197458
-62709184 -59202816
-86451180 -14552006
-22476453 26501880
-22273518 58985446
59883628 64709840
-51912848 -10960796
12715762 71878663
19721905 23974629
73247285 158596615
85511667 140767189
-73410554 -29307217
-26385489 40576256
-6099754 33896100
-3299305 16790641
-39865152 45922495
-16048586 2821140
41719334 66481431
-36444084 62551064
53330731 58628178
-73834758 -54559313
-80201593 -47808892
39742320 68877764
-42995600 -33189698
-61921476 29295138
-72617981 -10446537
-38467215 53907662
-77562776 -9684643
22402107 118356876
15963093 96979907
69806450 109384425
86383625 115227882
-65713217 -47651037
-56786689 -9063930
-49927572 -22907502
-75912189 -7609353
-47535873 -29592276
17111459 18569623
-58258933 23243484
-89286044 -53552701
-58468603 2679726
-40207156 18084137
85945788 128698922
65827662 87383272
-1813549 -508680
-63885064 2615321
-62829436 -7154966
21053998 30592365
-9565332 13040657
47063318 129793108
64652825 132667222
-37154619 20242042
29649599 102530857
-32172752 40385809
84981729 182970612
-20717345 42455964
-4469937 31829932
-81250996 -51895483
-20359509 5810059
-52712995 26010252
67585326 135417464
3143314 88282947
73565602 126117746
35765924 49060611
-28917937 40417595
-18944541 10585486
-99953864 -24855670
2271963 12964611
49999201 79579959
-36339078 22955559
22502922 86976494
-91714197 -89422340
3801859 44369833
-7950768 67541589
17853913 117039594
87160754 118059275
33495340 66594506
-16382927 -13433122
-84704316 -9703616
-51712784 -23881611
22199851 42487893
58699851 73447937
87635225 183726251
94376792 150115952
-36173234 -24411674
-73009912 -7282019
-39564831 15569552
82542753 92651326
-28146373 9895306
1142642 65727063
-11856565 41539855
-99518091 -75766185
46667857 58866440
74744293 170837681
90000102 142297245
89612169 118879620
-23205954 52671510
-55020229 -14632189
26707349 48167644
14524115 111185609
-19972202 49889658
54100494 105796198
70541973 93271121
-63674927 9711
42196407 81830234
44676737 47914271
-82497291 -51204953
-89068384 -50356896
-63444580 -57413051
-90017249 -32562434
-10612134 66968352
75909448 114018619
31407427 49811806
-99257497 -10274761
42970194 50116155
99220286 150582383
24621237 28172208
-25851977 -18795796
12782486 24875630
-66795070 -8886
-17021732 39746271
8283941 17780206
55139826 131617665
-92542624 -29318722
46996186 83285766
21794686 35988592
93761174 160427311
-26871789 13759089
26657129 71771757
27554979 100521064
93146930 117238505
-58779809 -28369189
65297861 101382652
-16311592 23185528
-34628045 21738919
-32066383 50266066
-58640677 18445945
-42982885 -35119162
33639736 107172192
51669900 75200006
-13122447 43607549
-96816438 -36070182
-4348222 43425595
-33573685 -7042639
-73391987 10579204
-72427009 -62522994
6029177 34204680
-35805445 64067051
-85740755 -38058289
-29473492 34520425
309469 76198398
20653218 83242602
-73615807 -527383
-68632178 -37097711
-12671628 57777831
-2827271 52474048
-45517403 -10346384
54586294 141645451
-29508001 13094509
-93401446 -87911477
55826764 138165287
22039135 114004216
-15866324 81195891
89312020 167902764
38127837 39991098
-68970724 -21646044
17669201 66266736
60049831 101514845
57420434 133835971
-35013576 -589248
-54343101 -31267462
1778520 5066040
79376833 87609239
-54043037 24090593
25939823 103567245
-23051846 58248245
-40645917 49897063
-35921757 5927209
-76112862 12563597
93411095 180683833
-92362432 -6555593
52000100 137575657
96461910 174336370
-28760172 58659697
92876652 177020801
81385735 113391517
63206773 121369926
-63522675 -56705730
-14324720 24075514
32384190 62733948
-80090272 -39594011
-8550952 42845852
69342072 128765713
60974503 84591431
46078835 76894866
-26039840 23437298
53343349 145950826
-87867136 -68252257
-74171483 16876531
-67526660 23725405
39246383 39950979
-43969791 -21830999
-92665313 -58676156
-67990773 -25025875
-1366333 8086971
80991640 125441909
17727467 86053517
-9396638 89349722
72569799 128911264
-57702331 17048679
-15754837 77444190
49025225 78369578
-12442536 38541688
49229271 105168342
67155690 140426863
-14304778 9363760
9532223 77944457
12378404 16755709
58754376 62205265
-85345160 -81814861
-29726080 12780521
-511644 32491297
-76024956 -9782364
-51976676 -51498680
-71157170 -40189632
66729363 83069938
79449514 126928308
-30936327 11656183
-56188005 16178758
-39661861 -16047631
-30003316 10751163
-65438959 -11298930
-40484984 -1929268
11700852 18947751
45450804 65498206
-17635201 -16783564
-85467523 -25708104
-8971612 60408917
-71922856 -33217865
93016330 151310482
-64303600 -20649311
59078034 109809003
76023958 106158750
-13591583 38525962
-44298368 -13775567
-12381269 55597756
-71464597 17508438
18731032 41070502
5788461 91556347
40740916 79677950
-50904473 30947362
17013546 57729801
64021363 107119188
91918008 183692065
-13077576 -2478050
79985576 164626544
-15414429 81047588
-49063800 5327632
-21973538 70054603
7378492 31889488
53015533 137773504
-23352294 -14671919
72267939 111787524
-62702324 -44273395
84091589 85653068
-79548590 -63215623
625786 2736917
-99126671 -73394872
-40023082 53860853
14985544 89065433
52229212 108247058
-973520 71139734
-84813389 12976259
64075378 86729228
-75314781 21398603
70411368 126643262
29063833 46774888
-97225904 -95320645
51749790 112517262
-92615276 6857610
-2115472 80749206
10045310 81822462
-31079394 27531652
12499657 88857034
-5035063 4498838
77231619 160835161
-95281528 52551
-53333602 -15532886
79604723 81345830
69015344 138533384
-20243805 11431945
-57737597 -39385729
-58774612 34221191
94296597 130099664
-30002002 -10645184
88263523 128660503
-67431249 -31701400
-22908687 -1852099
-31918703 55477332
-89201554 1917562
66001379 141919700
80575414 115953051
-64489009 6240273
46666735 144684798
-83095652 -64443300
-76533429 -63264619
-4171600 33851790
38665840 84669813
44179063 80476310
-10820540 27023561
91987724 162041545
26483896 104057993
-35848890 -17590531
-81453442 -51928861
-60699561 -18929077
-83092252 -64917437
-47969981 -8594046
71838516 114332485
-41342640 10598497
-33921225 -28413974
-17816271 15475445
65131558 127031873
-94749633 -14632516
4041155 35586714
-76466961 -72809095
-46614266 -6785466
-77502494 -33841900
26532319 105121531
-27400070 10569553
85205465 153202131
-39073449 52445425
60305745 61972812
-744661 89714226
-41032074 -28664161
-15491298 75198510
37796526 75571537
60427187 146614628
-92853494 -17822030
-38977604 26676249
91201970 156979220
57889847 115343235
20190568 88711101
-12130717 73724525
71808419 154952339
85065145 144392908
-72817772 20278581
11064799 98066991
53940945 92645944
72151969 106830093
58317335 125380288
-42303887 44905554
-72705596 2668178
50037457 93586634
41821744 71786694
-80996655 14728956
8944375 15977459
-73916411 -32766952
34230791 78902944
-7088616 52030471
-75630928 -48528466
-144501 48352609
-56069307 -7678084
67801870 91446994
-8548764 11864146
-17460037 38548937
84299203 145439245
-73405156 -55630708
-13751117 -6048304
-70220961 -23100411
-94940607 -72318761
34867669 93483951
80294342 146849692
-2260169 61153327
53620797 87502788
-24148655 -14331927
48108798 103020768
52663752 108925686
-58206555 31056084
37173518 123311370
-67769025 -65899094
-5098282 4312674
-98354752 -68342955
4901441 11756773
-53875239 -5481029
-96625365 -6662704
-25710612 44361890
-84966309 -48618390
45381999 100538473
-46341689 19239756
-32142404 -11035073
26588176 70058426
-3446950 49318006
26440852 99177855
-76282692 -58224470
-67936086 -43639784
89748311 182903697
-74460138 7973935
-9679632 86409180
-78671465 2751980
54913736 148246391
29586044 65660589
48568506 83036493
-21593211 -9403547
-77934953 2987843
-40154316 43063495
-52274837 38735724
-13895338 15224221
-25521351 -25380930
65507524 78877589
78412287 135644707
-12175666 11398480
85703202 173253405
47508925 78281795
17293233 58904544
19813110 33010072
-61434968 -57713144
62940339 71994310
-70679216 7055023
94963496 172739518
-73305673 -29858448
-3289717 49880372
-66039469 15788254
66105903 157684823
56910458 111124629
-11328749 29069538
-98614220 -33574184
-26630585 6635897
-78411915 -25868727
11540426 39486353
30886934 126828309
-50265392 16970256
16715250 47515828
80701017 146681725
-59482766 22077865
-68692331 30299766
-2450193 80630001
-48943766 48375864
-11802734 45780637
66060827 112543420
21716922 109186212
36035344 72908967
37385229 107480649
-46152028 -5253890
20311320 28050226
61814885 89874340
-45921677 45102314
-41020840 -9696389
-15103945 -5250168
13294990 78487403
76066766 91603455
-23338447 -4382412
-85863148 -64897027
936977 28528832
38030657 94615436
-42928641 22820451
86119157 99489531
46041323 103942887
52965083 88531875
-39096251 -34003937
98821310 127258382
-22014856 7791166
-94114338 -72599926
45734390 49024189
64811337 84512045
-64777484 25680227
11741790 24038400
64075974 159604785
-84982585 -42092498
6598070 95239404
-77609671 11713563
-47451413 -39704026
78636502 118261419
75879972 169308224
-96749516 -13735808
-60752893 31789423
-98466765 -90422891
839044 64352041
-57559353 12104461
70633443 115259548
-59164919 -25253852
-84192658 -8694640
-84243633 -2640021
-82821553 -64654542
59786952 114152141
9037073 52189465
-32072904 47760960
-36671849 49983484
-61874381 -61809322
39391242 120783930
2359309 64680419
11487389 58294516
58069350 82286244
-54074311 -28231861
29650213 46416994
-81701051 -37814532
3437796 79626747
-19309649 79986550
81620657 100526384
-94593879 -22243438
32147243 67538101
42643610 103043035
82901583 113591293
16879377 112904138
94135192 126818727
76338672 173360247
-26138135 25292070
-98363787 -85585730
18074464 49431152
-73166026 -20064524
-10293207 84030447
68460836 121908796
69937072 102970732
29275257 95366000
-79351477 -3779993
-56751715 3866252
-10291728 2907726
79259795 142158225
162504 97313512
-23129166 69931544
-73008282 -19683043
-98850945 -88131342
11546650 32900917
25120424 110149049
78993610 94156822
37294753 47887931
-69203361 25944799
-37760043 -6294909
-67235829 20627206
-93965804 -64233375
-69958405 -15416462
26014434 57650070
75000072 114372946
-74138019 18452702
8585318 82395457
-39565781 49904003
-54363912 35336371
-57492065 22894325
-92464421 -19051988
44675958 78542360
77816399 155689882
-67898105 -454324
26367325 79965176
23054489 41795734
28857819 74427267
-11931467 38391295
-61318047 -42224620
88254179 94324831
1920864 35422159
-85578540 -8566385
1644771 79456905
88704933 118198259
95550633 143689703
88840628 104214408
40557186 63001561
-40129682 -35709818
91188885 175147223
78753525 135178903
-17602035 45662789
40612493 61835803
-50217174 -39037378
86028129 179080130
-97175170 -18231591
-12558525 54446314
95288877 95420321
-84775236 -29795224
-49647971 -32633
-70549773 -28487404
-68181452 1694804
31625871 37500962
33167701 93364650
-84298745 -54264209
-44856498 -22640484
-45285831 12809839
92799082 109447904
50322126 94919159
-26486834 -18126325
-41699742 -41133401
43627454 61039022
-14167717 67387954
-99869444 -7232367
62918936 98495611
85855348 144680116
12350025 42416159
-60698780 -26115465
-30072276 -27314652
-7930501 62024470
50382923 78042009
-75072422 -4978327
-86670641 -65121491
-58228940 -39051759
-74835244 -4717565
-72912847 -7702672
23360460 120227029
85123136 102403373
-89280255 -33998848
4236804 10329583
-45983410 -12796287
43555973 92185249
54563424 115837393
-2944531 9019815
99478885 149054778
-19025626 56867202
5743511 53001090
39117294 136750313
-50169549 18167934
58819343 116435251
89205524 167950927
49894269 108099668
-49605019 -27796279
-58787487 40940641
-93082944 -11747053
-27917039 -26475254
78964604 123152489
-48047077 5863030
19614427 79448291
46211171 59096250
67683846 139146776
-89780892 -46324631
-85149662 -51414660
1754456 12755802
-2681545 56599243
32707608 117910506
-76547089 -46718337
-12389691 10963232
-42519616 49397018
80276185 100247143
95939796 125347443
-95457778 -28758982
-80490947 -41562300
-80838912 -12054125
-73989619 15243880
79770628 165147535
-97244436 -3895434
-26525416 44353339
96784547 161386079
-89317728 -84377778
-94475493 -88284809
-22454685 44870174
6040360 15306835
-98806020 -3329972
-20731899 27627267
84721618 135567704
56538199 112248870
-35177178 -18040267
25722657 49964339
94129062 179685621
-91955250 -90637751
-25806240 65578753
32908905 121574672
-23389689 43903932
-27608229 47385885
68138346 122995961
-44356586 34491226
99282924 119153349
-16589222 39144414
-55405617 16430666
43028533 114296737
-45473826 18921548
-45658879 3641706
-55715248 2685861
21531725 27718869
9139823 37562590
23121748 81937812
33453600 106646835
-20102018 35104743
49281081 85791358
27988472 31511796
86127079 156856839
-77722830 -12521979
61469004 138227388
94387261 152859600
48587172 128321460
-80201390 -52126451
81097060 159585804
62020478 107249510
5623724 45077834
45711422 88602964
41157195 105150374
74760258 169561618
54186941 83705167
91262266 162337088
-31378038 46099573
58361281 147342300
-22983098 54707946
-8051441 81950979
-50160387 27920735
-51477013 15210617
3369048 44286393
98570221 173519173
-68833629 -28910829
-89659900 -62160668
20421309 120414360
-96687078 -92365868
-65366361 34583415
-68671132 29286450
-6790627 55076012
-3509420 6504043
67428203 98093740
-68462060 -19650754
-65831163 -2272871
-17819043 67391648
72204212 116142876
83782463 111170894
65830879 103101008
58880955 145116968
70096579 167934003
-71398288 20238046
-67635222 -35869918
-73290284 -66266014
-72433583 6681734
81110612 160595218
-99281326 -3159378
65744272 152160967
47808829 110268965
-69532628 -62394065
-73247191 -57691036
-12096446 63898026
-44119961 7437792
-69710362 -69140690
12998483 38120965
40325314 116221361
-92968551 -63209821
41285558 48583191
59402863 74913688
-92638973 -23291870
1568897 80762570
73549704 105769298
45356651 52841934
-66626213 -54515221
-74158059 -16725349
-41329792 55158242
15284259 15299451
30649105 81884948
6058133 8025324
-79540230 -71361482
79059921 148713492
18874684 48612633
92907625 126262972
73761740 170940287
93106281 119357213
-98326791 -93694655
-18527242 6320340
10313488 104614300
36255173 44232897
-66283675 10304325
12696460 23176299
73883334 153690104
-71029561 -38535592
97964119 186785436
17110873 105304570
60277744 131627884
37464539 75154149
50532806 106227623
-82492334 -75312536
-85661438 -53957573
33713174 63223671
-61680569 -43768134
89554363 116520820
74919915 140015667
34579157 76189684
23423447 52325774
-83270749 -35163888
-83917398 -82632462
-25162694 14483525
90112437 103144125
43307100 101014428
87310998 173632263
-98384192 -70758964
35000395 88165224
12140494 20763861
-92345228 1811597
41446757 48359106
-58939171 31032843
-98804646 -45126228
59805498 127814453
-94178926 -49004472
-92022876 -55659353
-47175647 43555010
-73301974 -44256494
-90463610 -54916045
-14932331 53509468
67872046 79179160
-98009119 -89940000
41961885 86775936
-46850640 -34313877
-47981254 -34595276
79302668 126343257
58217323 133245537
86004331 144418225
-13763696 26092967
-45122741 2598537
-55377331 -51169989
-17364203 41974811
60721660 140781328
71285059 85884169
-73122456 14218560
-99213124 -9111111
56729907 150557206
-15784749 58217894
-816266 11421374
-66583746 28285692
1373445 19853697
-62204786 -30236402
-62209997 -24283751
-92435791 -72264198
-59877547 -16183365
41096213 92093969
-64268566 25579469
81545667 177054789
-16003282 475481
-95350132 -45039831
-49742419 -41646249
95998211 167200360
75137360 136021863
-87636598 -39390682
40286159 58041526
65301045 116131767
92350451 174881802
-99715592 -51316999
-67276330 -46073556
72411922 99284726
-92414058 -20346252
22581355 111582732
-2180186 43178617
10909547 81546001
-35221611 -15230348
98075322 103740226
-47119315 -5163366
-57028086 -48505883
-12284884 54186301
-16566909 12268340
-96117708 -52628486
64051965 162090433
90743758 190312331
74141752 127736878
25436595 98823418
-65528295 -63379454
-49245568 12817043
25531340 124332243
-49198489 -15937125
-43950268 20075508
12968955 99776962
48881677 55534050
88333845 129495839
-74707488 7847477
42840428 115189546
-14321469 24991591
-58701873 10426316
-66536102 32738160
-231672 65721863
63738512 127434653
85686771 103490371
79516526 95386390
-23990511 58509166
-30275146 56676235
13663110 53467836
-4982256 50750963
-5985735 83648828
72546577 103646938
-51304453 -41506684
-90576506 -47587854
-12311364 30116139
86108297 145362011
42198771 118551273
18109157 55592823
-40509871 30963582
22946130 73077064
22484526 67018852
93929184 179056613
-5337996 10525790
-31262664 -26096413
-92370756 -88491521
61321438 71237478
90041133 104013340
-4615236 79106885
92943777 179970928
-96672599 -80492943
-7378667 34732671
38681212 76779834
-37535512 19819091
73181300 154520093
-9771448 87717573
77618540 96964989
-12364279 13763543
-62725301 85142
-60858415 9572581
-47098688 -41621452
-64576249 -34869490
24127638 117093930
-35379297 38456984
-52738503 -45108086
51143521 63539297
29184342 101381333
23290868 34729140
75096206 135999230
99448206 122935953
47219975 63271393
-81572597 -14458672
14830272 73982844
44836878 128781739
-2424811 89114839
-59202557 -3378873
11068413 24586843
60470961 125302401
-91502332 -73183077
-47928134 -29322595
15871640 75501145
40573605 63962638
-58125645 -25985543
54914595 108509913
16520924 63409639
-76667920 23005461
-30385248 19340372
-69583768 -10900885
-86464044 -37809752
-26479329 14506931
-35008078 -31175689
-11673016 59041772
-1077383 29903943
21650158 118151440
-60315503 -19555751
89807652 131603320
51691204 124863668
-69407800 -17091561
1204978 56323832
99613600 181642992
-40314033 14062889
70520805 103246898
1634160 70170070
-73736465 -71255306
24521333 61555099
-87224492 -6336857
-85062460 -15401497
51653522 73062835
-38097435 14993668
30751695 57569253
12846339 104967166
41388678 56308611
-55544388 -12570497
17440173 42448202
-73534374 -11937277
-22133795 8924446
-61358215 -9327980
54701768 101731927
-34649684 52342653
73368315 80313901
47813771 82503031
97321782 114541760
62786201 94601381
-13092188 16962381
50536358 103238538
-98507526 -10542245
89182072 140102915
-60994095 -33142860
27170489 122854079
20847888 111975284
-60041435 26013896
41479461 137820019
-78838329 -63068732
55692084 146258660
-83271981 -12435752
-69227649 -38398139
-78954563 10681922
13574639 36087953
-75418215 -45935854
7961763 19401313
21054132 49650927
13502799 43393146
-87464107 -56550496
-36986259 56801910
-33931941 -21721285
-37835776 55557789
51229469 66191228
-88136866 -25560289
20439146 42011473
-11248722 86942418
-7036820 59139529
-20692905 60289258
60092102 114350974
26348585 62870049
-70349440 -34037345
-36292083 -10855587
83358827 110260168
-26224958 -11626535
62939350 86731496
-30419015 -9511543
22669924 84150299
-64116939 -885313
90489132 159679344
39363780 88168018
-99158712 -68238994
82951280 123631996
71348794 167835389
80759938 177765319
85654624 172355351
93080458 132367855
41791756 99009253
60731613 119082628
42785241 56124944
-69405655 -20320873
-28572530 41939758
26727870 110939876
-31508285 25908776
-43286882 44131719
-57968446 -44032993
-15683709 -6489563
50941402 133271888
-46252971 7735342
98141834 189838200
55277977 79733174
-32834111 52857350
93362120 162562863
-29038173 58335117
-65067552 -45069058
5450747 20551998
36386815 67436090
66344963 91736512
-94172900 -6525137
-84564481 -79200315
-89712492 -26449498
-12503297 18557215
70305277 98016797
-43986708 46491392
92965223 191022714
76096030 160722386
75940729 134778432
79821659 86395886
98690409 104354127
33593821 39907256
-25509048 4727661
-61770858 -55777601
-8361359 77888952
-42859739 32442886
-66099960 -55971820
32628035 111829026
-13943743 50913377
-13870912 54586049
54910551 65214795
91941365 123659260
-89105273 -30324279
51376144 133924235
-68480485 -4683864
-98969053 -73756361
-35367875 58867096
-31784349 13148641
-29932054 52095615
83427419 122179035
67210440 89360513
92106597 180369203
-11434651 55624604
85465856 97579830
-93183905 -92428150
-92546483 -5744891
76790772 167736777
97545504 180779694
27428553 69629928
-7676824 23465330
-2847010 24022036
30150539 37798670
-34007955 -26671374
17912714 113375152
-39589407 11582908
-93869684 -17151794
40910693 108687686
5484786 41767906
-52515558 -7948395
54828328 64467090
80029935 91654928
86365690 128295579
14070449 79810941
98147946 101303801
-35229911 36330163
-16748488 -10686487
65269100 96373413
43902169 53166373
-70773854 -54474475
-90638637 -24335533
-33176687 14838764
85423970 129503245
85351163 174232760
77542532 129152964
44541564 65758204
38882134 122392904
96140631 138213121
-17290064 13513934
60935870 88277654
-67450865 -19880154
-22558814 75479289
98655967 134705125
63519887 127197477
88818639 116183967
-6003666 92684238
-68377882 -32347178
32753065 65197361
-6597352 50199280
95866162 121804666
-48467765 5495902
-23923544 20288236
46808073 114248952
-34718946 -15573703
-853570 40399787
63281923 121676796
-42022605 32775511
20790669 61153649
57215168 74418472
44169335 107298323
39918312 55292737
-51610631 45125435
-17465894 35742455
69283430 87620628
33165092 93201378
10931197 75326804
49601814 69732714
1633463 49369492
27618793 51466187
72568896 105055393
-56107827 9591441
-49907357 -48161618
34401667 54609060
-57838916 18351292
-45099673 -15438502
-77294262 22135010
-85003627 -73255734
69607152 139222787
-31889792 40539143
-27529447 38076323
89691390 187264883
-41437304 -37361299
130984 96137963
28029326 113777883
-73651689 -23511203
-2148035 73932066
-34030885 15390502
3869239 48573023
-61691594 -9965698
-45756878 -30833015
-21325590 -9796405
-73042395 -49668288
-28634921 48179120
66567830 110079500
-24724639 -22550405
91164317 96256816
58112828 113912733
22540831 25236198
-5791465 75391832
-31789254 47086997
-44378828 22662306
84336183 91060026
-96359085 -25098083
-72141885 -7975274
33904494 85049195
61294668 125376059
75273552 82607231
3543714 92228322
-60898302 -44514447
45981395 87467074
21053048 51569415
-11420528 37326076
-21606727 362181
-13013983 71252533
-17440959 28274849
1753771 94300956
-65784224 -48222321
5148951 14572482
93086170 112060871
-19499305 50590748
40203722 70951427
-29557465 42451425
-87175131 -75649591
73278358 126876708
-87347583 -9930827
-527316 98222004
-93275564 -82209909
-59010432 -42229816
-73622895 22892718
-22757018 8750967
53908032 100287099
1923477 14608848
-49619624 41239858
26331290 119967699
-2364396 18146200
-81785677 -33812925
-25547938 55688966
42737433 47442851
19143934 94299279
-56376847 3067497
20287187 71348453
-12869062 48111822
-21742586 24600686
-32073569 64835927
31154339 123230709
-68250448 -10013032
-14685372 -7245722
32750136 78781388
-2954547 27591481
67065443 140095617
5485024 28553306
57354280 147783917
87351961 114870004
-32335217 59302923
-65254264 32257982
18115517 37221911
82719759 139980048
50039957 101103848
-29292000 -11283535
26068661 125187749
73022891 139922982
39422670 43478115
76193307 105356621
-69647565 -63793595
-53962188 -37140964
-36253705 32193168
-49828446 17470137
-80689744 -41904583
-53535540 -29891066
68124331 84070911
-64432408 -2966306
7598271 100988888
-15333394 36003837
7494358 97962711
44242591 127805875
29381916 114403951
73016929 145827659
-8941899 650436
24837136 121380736
-23408562 15955841
35722379 108227593
16234163 101228718
22149742 91261674
-303702 7481583
-1931808 28151557
48808526 88934788
97635691 98840829
-84427842 -575117
77558571 148999249
58075632 157995376
-39989510 -33174207
6125528 31191740
47554431 73922343
-54411702 43647373
-71675964 979308
-94840677 -67604794
-28984746 -16202943
-91512279 -12041304
-82594397 -58240655
-99160422 -79864915
5377707 49248559
-21793974 34018945
-1997502 74065404
44058828 58435916
29216267 37110830
-48988338 50298439
99236938 180594811
43029239 84949966
-86914884 -49853174
78883924 157199148
18485121 25374438
-29724955 12521806
5038730 57687817
-33396421 51583352
-63022860 -36485923
-72967380 -71819450
12291970 32345331
-89644260 -75240563
80138689 120646205
-18140215 46107967
32702047 47324802
-77549724 -56258413
84001280 152329320
12905062 68438285
56719748 100241402
66880906 143572200
-38855728 -329794
79839977 113120122
98880036 104896894
-57456005 -52499289
-25146252 2568918
57972600 61827308
36120466 47523470
9906895 38558588
-52080034 45986840
-30253817 36507808
-37971883 6850276
-79589028 -39347001
-76024494 -53293709
-4859460 79877822
-14127441 -11698437
-23381731 -6816353
-29800591 -3060923
67084131 145689127
-57034889 -12257590
24440600 32561932
-84845926 -28078389
91665276 161567101
36802314 55061340
-48048577 -44790764
19658522 90842734
64604846 157585450
-44643593 -10159099
18913925 34399578
48037893 117355932
61878365 82123470
-72593145 -39562471
-35270567 -33310211
-44822731 -17177799
19519111 63610998
-70207793 -11465072
-90530588 -54759188
42026944 90078145
-8290693 76931930
57386798 153998408
25448017 64901588
98393819 197588211
19182373 43137697
-25331523 18246841
-3916858 30127322
-21434420 -6596890
-67848061 -61586000
64387110 98289287
17477941 60928267
10006601 77649862
-95423238 -81868392
-62034033 -33604450
-51245347 -47511081
386715 82300823
-78350947 -26643574
-96495361 -52002372
59136476 151116776
-46269365 -20810965
56056509 62245942
-77354207 -67286293
59104998 77756749
-52807401 35073209
-54363667 -53118046
-68164638 -18256661
17599809 94986305
-50171158 17651192
-89586817 2942008
-12951730 65015668
-50614293 22647900
-50715152 26384531
-14085896 33201459
-52148723 43179920
-91662120 -61872229
-77205196 -61284975
-93122535 -60855909
-59012105 -41809434
11407808 75052800
-95688736 -57969667
-93079036 -28617589
-59428891 -27171791
36995819 103964268
-20232863 61455805
-19863579 53963867
93312952 101619637
-49160627 -12660540
-3430322 33856466
-20603063 73409023
39538286 135436753
-95702249 -17283431
-79258586 19702561
-86920737 -82449958
24093179 41770851
-89651550 -83121164
-2490259 33837508
43913212 114781353
-53394847 19750616
-98293811 -18951273
-18875506 26201154
2876369 91692972
-51374312 -11650421
-28633397 47728346
33468903 96727439
-10837538 4467773
-79368393 10730872
55406609 146440036
14516185 99293556
-82457690 -44627046
-74878867 -34947142
-68408543 -17127668
-18500526 57199183
-46905404 42028460
82548952 167593715
75246601 137580789
42705710 121683085
-49043802 1664710
31993306 123404440
-84538597 -82819237
77363941 121348716
-94076711 -69540998
-58797313 -36917874
41986060 100300962
-83079924 9455367
-16812341 -12618114
61787134 121420363
-85936972 -50351250
3035292 26536088
-6605450 60536779
6553542 24622532
-98636433 -65713477
64689525 123758888
-48546271 -43474834
25098795 113011012
13524061 79111182
5690794 84823836
-26123362 5357487
35530356 64605985
10447273 76071499
76099729 134321063
16012188 38720583
-98070165 -42367099
-62819980 -4624485
-31026431 38424295
-75662731 -26178863
-87678930 -84433347
70418329 149140664
-12555404 2133746
-54162804 -30494966
41196327 128523552
95775683 156842699
-2636783 94480439
81725187 101279294
11701006 84157204
3735549 74720746
-7735311 61042476
25460085 27092568
-30139813 36606134
-71842065 22452845
77776800 149408947
43350077 139399029
9294720 30796921
-54541966 13954774
-95050616 -53440846
-58381783 -115402
58798411 91276745
12567023 31380968
98390037 120871337
44282061 83243433
-50348186 1304278
99854610 164779522
94896623 169750921
-27073897 -26892874
-26206021 65043599
-75064621 6046800
10850798 11362388
-43860291 3601603
6477882 19153721
-42789173 31718962
-60364430 -35840207
-60108897 35071884
-41779234 -17490099
-54793205 -8815312
57839193 136292384
-84738097 -57948796
-66289060 9624179
7221022 62329999
-27993442 19560530
81617624 138452811
-87036869 -29879159
-68335545 -63193999
88904795 108217316
36024221 47931713
30563481 102568851
36524294 100366779
86989776 91580189
-99445510 -88820777
-5086528 6425686
52656916 54822776
41956141 86403231
-21777384 52099267
-92009042 -72703595
7783164 16318157
48574598 100272223
-96777341 -84808356
-83909857 -61659189
-47352237 -38803765
81610412 159916766
7817264 69269296
88801701 162054645
56297059 73010095
-44936079 30527180
-7910357 64769959
-84508174 -35633095
37122494 126702172
32736110 55822992
70356436 90587015
-21936569 -3378522
-83959419 -14662073
-76033410 -2690755
-97583395 -56643923
-97458554 -52137320
80124871 137144158
65470723 155782993
9875941 100457103
10217651 78125226
91992724 119108048
-12954587 -9967208
92016305 107661554
-78607608 -29030245
96679192 146703780
-89331337 -61080097
31918152 73813198
-67621590 -43214827
27947997 102427735
-24726099 -821190
41597293 125963036
81412621 102691345
47136150 81027771
-86575414 3251066
-57841815 2912206
50271054 61770749
21152689 73614308
-53098415 44625282
84066827 168594885
84765971 164099882
-53507850 1870656
67600035 139529381
-70930903 -12195294
-3533349 -938891
53353575 61850526
-56507286 856627
-47721682 -39490991
42608097 96770079
32483551 116724963
67168453 121656462
-3622962 33828203
82554556 87116748
-14417824 7405353
40374106 121532870
-88987003 -11138875
-95396457 -5306202
-56410593 42383944
-51051491 42240421
43228183 59628154
8233485 20820960
-57572095 -44930860
36751803 123233557
-46279162 -23121919
-55141860 6712656
42257310 106867063
-52228456 29221465
85304396 124852572
-67038301 31125461
84000840 110650440
89560217 149344436
15 9 -13 -1 24 21 -16 -8 -18 5 -24 -23 7 13 -24 10 -24 -20 -5 -17 5 10 -25 19 18 -18 10 11 4 -15 -11 22 8 -20 -2 -5 -12 16 -23 0 3 -5 -19 -23 4 -22 25 23 3 -13 14 -1 11 23 -17 -2 -8 -18 1 -10 9 6 14 -11 11 -21 15 -8 5 -21 5 -5 -10 -25 8 13 -5 25 24 19 -15 -5 -13 -20 -16 16 7 25 13 14 -3 10 22 14 -11 -6 16 16 -17 -15 -3 5 -12 -4 16 4 -17 -11 2 -5 -20 -14 12 -11 17 -22 19 -18 -16 -5 -10 12 0 0 -7 -9 -16 7 -17 12 -10 0 3 -14 13 25 -2 6 6 -24 11 -3 18 2 -1 -8 11 12 -10 25 -6 9 -25 -25 20 23 8 -23 -14 23 -21 1 -8 21 -7 0 9 4 -24 21 20 -4 0 -13 -11 -12 12 -25 -20 14 -15 15 -2 13 -10 -19 -10 23 4 19 1 21 -20 -3 4 9 -5 -8 7 -17 20 25 21 24 17 -25 18 2 -14 7 16 -3 20 9 -19 16 -19 -12 8 17 8 -10 20 23 2 21 15 -14 1 -12 0 6 19 13 4 22 16 -10 -15 15 -4 3 -3 -7 -16 -4 -22 -8 -7 -2 -15 23 -17 -17 5 -24 25 22 3 -4 -6 -22 -10 25 -22 14 -5 11 11 5 -3 -1 -5 7 12 -15 5 22 17 -11 -23 17 -16 -23 -4 -25 -3 20 6 6 4 15 -9 -15 -16 -10 -17 12 -21 -23 -20 -22 -15 -17 -4 -18 16 15 0 23 2 -1 -23 -18 1 21 -10 -21 -8 -16 -18 13 -6 -7 22 -23 -17 20 6 22 -3 2 -20 11 -21 -7 10 -13 22 11 -1 5 -2 -2 20 4 18 4 16 -17 -9 10 0 8 -20 -8 7 -16 18 -13 -5 -22 -9 25 -1 -19 -11 -21 5 -17 -1 25 -7 25 -5 -14 -2 -22 -11 -11 -23 7 25 6 -18 -15 -24 -13 21 13 -4 -18 -14 1 11 -25 -17 -2 -10 9 24 -13 22 20 6 -18 18 15 1 -3 -5 25 -15 10 -20 -25 24 17 24 23 -2 2 -24 2 -25 15 -15 -16 -2 -8 16 4 -19 15 -22 -11 -22 0 9 -11 -1 22 -3 -20 -3 -18 22 -25 19 -5 -22 16 -8 -11 -22 -4 2 13 -17 13 -23 -23 24 -5 -6 20 17 19 13 3 6 16 -8 -10 -3 6 -8 13 -15 -7 25 -2 5 -25 -2 19 10 -21 8 -25 -14 5 -25 24 -22 -20 6 6 -13 -2 -11 19 -16 25 12 -17 -10 -1 -15 -24 7 9 0 -23 23 -16 -20 15 22 -7 20 -17 -23 -2 23 4 17 3 -22 -9 8 -12 5 14 24 -10 -1 -2 -15 -18 3 4 -16 6 -13 1 -5 -16 -25 -15 13 7 5 -11 8 10 -18 -22 -13 1 19 25 -19 -5 1 3 -24 -18 -11 22 -8 -25 11 18 -13 -25 -18 13 -7 1 6 -22 -21 17 8 -8 24 -19 23 -23 -10 -15 -3 15 -5 8 -11 3 9 9 20 -15 -4 -6 10 10 -7 -8 -16 18 3 -19 -15 7 -14 -8 11 -22 24 4 -5 16 -16 2 -14 -10 7 -21 23 7 -12 -16 -12 -6 11 21 -8 14 -4 7 -11 -15 -25 -12 0 7 20 -15 -3 -23 -6 -24 22 19 7 -10 -25 19 -15 1 2 24 19 15 5 -5 9 -3 -25 15 -4 -25 18 -11 -13 -17 -19 -1 7 -13 -13 -19 -18 16 -5 -15 -8 4 -4 5 9 4 -17 -14 3 7 -17 -22 14 -23 12 -17 25 -11 -22 -3 -19 18 -18 -19 0 -19 -3 -23 -8 12 23 7 10 24 11 20 21 -2 -24 17 0 5 -3 -25 11 -7 -19 16 -9 14 0 15 10 22 5 19 3 8 -12 -24 -9 14 -16 2 5 13 -3 -13 11 -23 3 1 16 10 9 3 23 -14 0 -6 17 -21 1 -17 18 7 -24 -24 2 -15 11 13 -7 -15 15 -6 19 -24 4 -4 -25 -8 -13 23 -13 22 -3 -8 -8 -21 -24 7 -1 12 23 -21 -18 23 -22 -2 6 -10 -16 -12 21 -12 -6 19 9 -2 -13 11 -3 24 -1 14 17 -1 4 2 15 -3 21 22 1 18 -22 13 -20 -4 -1 12 17 -16 -6 14 -5 -13 21 -18 -7 -19 17 -24 9 15 -15 -5 -3 4 21 14 -19 -3 18 16 -22 -6 -11 -7 13 -11 -7 18 -16 -1 7 -13 4 -2 -19 16 -11 4 -15 -15 -19 -5 -5 23 -1 21 14 -23 -4 -6 -7 -13 21 7 -14 4 -8 -23 13 -8 11 -2 -15 -23 -20 -9 4 1 21 -12 -2 -9 2 18 -7 15 25 16 -17 18 -25 -10 0 5 4 2 2 13 -16 -10 25 -6 -15 11 -22 17 -23 -20 10 15 -5 20 8 17 -2 -2 20 -19 3 -17 -1 5 -25 -5 19 13 -16 -3 13 -6 -23 18 23 -20 13 -9 -5 10 6 -22 6 -18 9 -7 19 -17 -4 -1 -3 3 24 18 25 -3 22 4 -12 16 -6 25 -18 -23 -11 13 20 2 14 -2 8 11 25 -17 20 -12 -2 -8 11 6 17 9 -14 -10 25 -25 5 -2 -2 4 20 -17 -17 9 -1 -11 -21 -2 -12 -19 -25 15 -5 10 9 -21 -17 -13 -9 6 -15 -19 5 -14 -3 11 -16 8 5 -14 25 -11 -25 10 5 -17 2 5 11 -17 -9 22 19 -23 10 -25 -19 11 19 3 -24 -10 17 -6 -17 5 -3 -1 14 1 5 -4 -3 -20 7 -6 -23 -25 -10 -6 13 -4 14 -4 1 25 -16 13 -10 16 -8 -21 8 7 -2 0 -14 7 19 12 15 -7 13 -2 20 -20 -5 -23 0 14 -18 5 10 -5 -4 19 -12 -24 -12 16 -3 -20 -20 13 14 11 3 -24 10 5 24 -10 -2 0 -2 -8 -25 6 4 22 10 23 18 -7 6 -14 -23 -24 -8 -19 3 -19 14 8 1 -16 -14 -2 12 14 2 12 -22 10 -6 -20 -1 -2 -7 19 15 4 -1 -18 -14 -15 -10 22 -4 -11 15 -2 18 -6 -12 4 3 -25 -20 16 18 4 -14 3 15 -18 9 -2 -12 16 2 -16 -10 8 -11 -23 -22 14 -18 -4 -13 17 5 18 -18 -18 -2 -20 14 18 22 -1 14 5 -25 8 -7 19 9 -9 -21 -12 -19 -2 -4 -19 0 -5 18 10 -25 -18 11 12 11 19 -5 24 25 -2 24 -1 16 5 13 7 15 -11 -21 -25 -20 5 -6 -14 -1 12 -23 -16 20 23 -12 16 -23 -20 -5 20 -25 20 2 21 -15 -21 2 17 -14 -1 -15 8 -10 21 17 14 17 -15 -10 -8 16 2 -9 -8 15 -12 -20 -4 15 -14 13 20 -21 -7 7 5 1 -8 -6 -10 22 -11 -20 -13 -2 -16 21 -18 -22 -9 11 12 15 24 23 -5 -5 9 19 -10 8 14 21 4 -1 13 25 15 17 24 -13 -20 14 -14 -23 0 1 0 16 23 -18 -19 22 -24 21 10 5 -8 13 21 6 -22 0 18 -5 6 0 0 -10 -3 0 -12 -23 -5 -22 17 24 9 -10 11 16 0 -5 -19 25 -15 -7 3 -4 10 -15 17 23 0 -6 3 15 12 25 14 -22 -7 6 23 7 -12 1 -7 21 -14 10 8 -23 -15 -14 24 -6 14 -12 0 20 11 6 16 25 -3 8 -25 13 -7 -5 10 -21 24 9 19 -12 1 -6 25 -20 6 -19 -25 -23 -4 -15 9 -22 -20 3 -11 18 6 14 -8 14 -16 18 -6 -11 -25 22 -4 21 15 -4 23 3 16 19 9 14 -20 -11 18 1 25 0 8 23 -2 -16 -22 -6 14 -4 15 -17 -19 -15 24 -6 11 -22 11 -25 16 12 -14 18 20 4 14 -25 0 -5 13 1 -23 8 22 24 -2 -2 -19 10 -1 -3 -11 -17 14 -24 -17 7 5 4 -7 25 -9 8 -5 21 -19 9 -13 -18 1 12 5 14 -14 -20 19 -16 -8 -15 17 11 16 4 -23 16 6 -17 20 -4 -15 -25 13 21 -1 -13 18 -2 -3 -25 17 -16 22 -24 -4 -17 21 -11 19 17 -2 23 -19 -12 -6 -13 17 -18 -14 24 2 -11 -14 -19 23 17 16 13 14 1 3 7 -15 3 4 -22 -13 -21 11 1 -24 0 -22 17 -17 19 14 16 24 25 3 -13 24 -18 24 -7 -10 -3 -13 -8 25 -8 3 -2 10 -9 -23 -7 17 -6 -9 25 24 19 19 11 9 -3 -7 17 6 3 -6 4 3 -18 25 1 15 20 -7 -3 -16 -5 3 -16 12 11 -22 16 -18 1 -22 10 -24 22 17 13 -16 -5 -13 -2 25 -5 -2 5 3 24 -25 18 0 18 12 9 16 -12 14 -7 18 16 -22 -9 10 -15 6 -23 -4 18 -13 -2 -8 -20 3 -2 8 -25 20 -15 3 1 -24 -19 23 -6 -16 12 6 0 12 2 8 19 18 20 8 -18 18 12 16 8 -14 4 -16 5 -20 1 -4 5 -14 -5 17 -18 -2 6 -17 14 -15 -9 -24 -25 14 11 5 -24 18 2 7 12 -7 -8 3 16 -1 -4 16 4 22 24 -23 25 4 -15 24 -9 -3 20 13 -6 -24 1 11 -8 -21 -15 -5 12 5 -24 -9 8 -13 -11 3 -21 -5 -1 10 -6 -24 24 -9 -1 -1 -19 23 -12 7 -24 -15 7 -14 -25 16 2 12 10 13 8 -9 -1 17 -21 15 8 -23 13 23 -7 -14 -4 -4 -25 22 10 -9 23 -6 -9 19 -11 6 13 -6 19 -14 23 -18 -10 23 -11 -16 -2 10 21 15 -10 -13 24 -8 -11 -4 -10 3 -19 -15 7 18 -8 10 11 -7 21 23 18 15 -25 -10 8 -23 -13 1 -24 -23 21 -8 -2 -12 12 -23 -24 -18 24 -15 -18 8 -22 0 7 18 6 -1 -22 9 4 23 -24 -9 -15 -6 -17 17 6 -15 -13 -4 17 -13 9 7 20 15 13 11 -1 20 8 12 -3 0 11 -12 -22 24 -13 -11 22 -1 18 4 -1 8 17 0 5 23 -25 21 -6 16 -2 23 5 23 -8 4 -4 5 17 4 -14 18 25 -16 -20 15 14 21 -18 3 -4 15 0 8 8 12 9 -5 -2 11 9 24 19 12 7 11 7 14 11 -4 -1 -23 1 -2 -3 16 6 14 -24 11 0 25 18 -7 -24 -2 -24 -8 -3 23 -16 -4 -21 -20 1 1 -13 18 -20 3 3 -22 24 -24 21 8 10 6 6 20 -7 19 -18 -7 11 -10 -4 -9 11 7 0 23 6 -2 2 11 -7 10 -11 8 11 -19 24 10 -22 12 -14 7 25 2 23 -19 -13 10 20 -15 1 13 -6 17 20 18 -8 -20 -2 -2 23 -25 -1 0 -20 23 8 15 -24 4 -3 -14 -8 24 -12 21 -13 20 20 -16 12 -25 -8 12 25 16 25 23 2 15 -21 25 -25 -22 -10 -23 -17 -4 7 13 25 0 -24 -10 5 -16 -9 -14 22 5 -17 -17 0 7 -13 -9 -15 -23 0 24 -12 23 6 -8 18 -9 -14 3 -1 -11 13 4 15 -13 -20 -1 12 0 10 -3 20 3 1 15 -7 16 19 -13 -14 21 -13 -4 6 9 -10 -8 -17 19 -25 -20 10 -24 -4 -5 -4 23 14 -3 -18 14 -5 -4 -24 -6 7 1 -10 18 -22 16 15 -23 -21 -20 -1 -24 -25 -6 8 10 -17 -10 -4 -19 -20 25 -2 18 -19 -11 -18 -3 21 -3 16 -11 -22 19 -2 -19 -12 4 9 -5 -9 -21 -5 20 -16 -21 0 6 -21 -2 12 -12 -11 14 -4 14 -1 -11 -21 12 19 -19 -25 15 9 -14 -21 8 -8 5 0 6 -4 17 22 -3 22 -23 -19 -16 -10 -23 8 -6 -12 18 -4 8 -25 7 -17 -17 6 -16 -8 -12 13 12 -10 -13 -3 -18 10 10 3 6 17 24 21 -19 4 23 7 0 -1 21 6 -15 -8 13 19 -15 19 -24 23 22 13 -5 24 -22 -23 -19 8 -18 13 24 21 18 -7 -17 -5 24 -10 -11 -19 3 -13 3 25 3 -15 20 10 -6 24 17 -17 -18 -4 -16 6 -18 -25 -8 -4 4 19 -4 -7 12 7 12 9 -21 1 19 25 18 8 2 -20 -11 12 7 -11 -18 14 3 14 16 12 -11 -19 13 9 -4 2 -11 -11 24 2 -18 -10 -20 18 0 -19 1 16 -19 4 17 -23 4 15 24 7 -22 -23 -12 10 0 10 2 1 16 4 -16 -6 -20 -9 0 -7 6 -13 -18 -8 24 -25 -19 20 -10 -13 20 -25 -12 23 23 -6 19 -13 19 -25 11 -5 -10 19 -24 -11 -15 1 -24 17 -7 -19 13 24 -22 11 -22 -13 -2 2 20 14 -8 21 -1 10 -20 2 21 -5 13 9 -18 19 17 10 -15 17 -11 -13 2 2 -24 14 1 -15 11 -4 15 7 10 -20 -18 14 -1 20 21 1 19 -7 12 -4 14 24 20 8 -13 -25 2 18 11 -1 8 16 24 3 -12 -4 16 18 4 -1 -8 18 7 13 23 15 22 6 19 6 1 -19 17 -4 -17 -5 -20 5 -14 -6 20 6 -16 4 -12 7 -5 21 -6 4 -7 12 -20 -24 -14 11 7 5 -18 20 1 1 -10 5 -10 0 -16 -25 20 3 -15 -20 15 -10 6 -4 -14 -6 -8 1 -8 -20 -9 17 -1 13 20 5 22 22 -13 21 -14 16 -11 11 3 -19 -14 -22 -17 5 18 -1 18 -14 18 2 -8 -12 3 -4 13 -22 -8 -7 24 -11 -3 -22 23 2 -20 -24 -15 7 -10 14 -2 2 23 -6 20 12 1 -15 -5 19 -15 -11 21 -19 13 1 -3 -8 -2 4 21 -3 4 -10 -8 -12 -18 -24 19 -21 20 -19 0 15 -6 25 22 -6 -24 -10 -10 17 -22 -17 -13 -20 12 13 14 -6 -5 19 20 10 21 -25 0 -17 -12 -20 19 -9 17 -15 -11 6 14 1 20 8 7 17 10 -20 13 -24 -15 18 18 -1 -24 -10 -10 -10 -9 18 -15 17 -4 22 20 11 -18 5 21 -16 -23 14 -6 19 6 -20 3 25 -17 19 -7 20 -23 21 -20 3 -11 -19 -3 -21 -9 1 -3 19 3 -16 5 23 24 9 5 -9 18 -1 -16 -6 -1 -6 -13 11 13 -8 -6 8 -14 5 13 14 2 23 6 -6 16 25 -21 17 -16 -12 20 -19 16 8 23 8 -11 23 8 -23 0 24 -7 -4 21 17 24 -16 -23 17 6 2 9 8 19 13 -8 -13 -22 -22 -19 -8 -13 -19 19 15 -12 9 -21 0 20 -20 21 -16 -9 -19 -20 15 5 -21 13 -17 14 2 -5 -24 -17 23 17 7 -5 -9 -20 12 -4 -1 -21 7 -1 -16 10 -8 -13 16 23 -15 -6 -6 -1 -18 8 2 22 -18 16 9 9 13 -10 -14 21 -22 -18 17 -8 15 12 21 -24 -16 -20 25 7 13 -4 20 2 -23 -25 -9 4 -17 24 15 -8 11 3 -24 -9 -25 9 20 -2 15 -11 6 20 15 18 -2 -18 -9 10 -8 -11 15 1 -10 -14 -10 -18 3 22 -21 5 -12 -1 -22 19 10 21 -1 -17 16 -7 24 -7 18 -16 -18 -5 -15 -13 11 17 -21 13 24 -1 -4 2 2 10 0 -16 3 7 -10 25 -11 -15 -14 19 -18 -8 -13 4 25 6 15 20 -6 -24 -12 2 2 -3 6 -21 7 -11 -20 4
